odir/spf.tas_FR-11_MPI-M-MPI-ESM-LR_historical_r1i1p1_SMHI-RCA4_v1a_3hr_197001010000-197012312100_lonlat_timestep1.ncX1970.01.01.asc
NCOLS 104 
NROWS 77 
XLLCORNER 148661.60618751 
YLLCORNER 5008008.4890662 
CELLSIZE 9000 
NODATA_value -9999 
[rows 40 to 59 of 77, columns 0 to 45 of 104]
277.639617919922 275.608367919922 275.608367919922 275.608367919922 274.952117919922 274.952117919922 274.108367919922 274.389617919922 274.389617919922 274.389617919922 273.983367919922 273.952117919922 273.952117919922 273.952117919922 273.702117919922 273.420867919922 273.545867919922 273.545867919922 273.545867919922 274.170867919922 274.170867919922 274.952117919922 274.952117919922 277.639617919922 277.639617919922 279.827117919922 280.733367919922 280.733367919922 280.733367919922 281.327117919922 281.858367919922 282.452117919922 282.452117919922 283.483367919922 283.639617919922 283.639617919922 283.639617919922 283.639617919922 283.545867919922 283.545867919922 283.358367919922 283.014617919922 283.014617919922 283.014617919922 283.233367919922 282.670867919922
276.670867919922 276.670867919922 276.670867919922 276.920867919922 274.639617919922 274.639617919922 274.327117919922 274.327117919922 273.108367919922 273.108367919922 273.608367919922 274.295867919922 274.295867919922 274.295867919922 273.452117919922 273.358367919922 273.358367919922 273.358367919922 273.545867919922 275.045867919922 275.045867919922 276.545867919922 276.545867919922 280.358367919922 280.358367919922 281.858367919922 281.858367919922 282.702117919922 282.702117919922 283.014617919922 283.233367919922 283.233367919922 283.233367919922 283.733367919922 283.827117919922 283.827117919922 283.827117919922 283.889617919922 283.920867919922 283.920867919922 283.858367919922 283.858367919922 283.608367919922 283.608367919922 283.764617919922 283.358367919922
276.670867919922 276.670867919922 276.670867919922 276.920867919922 274.639617919922 274.639617919922 274.327117919922 274.327117919922 273.108367919922 273.108367919922 273.608367919922 274.295867919922 274.295867919922 274.295867919922 273.452117919922 273.358367919922 273.358367919922 273.358367919922 273.545867919922 275.045867919922 275.045867919922 276.545867919922 276.545867919922 280.358367919922 280.358367919922 281.858367919922 281.858367919922 282.702117919922 282.702117919922 283.014617919922 283.233367919922 283.233367919922 283.233367919922 283.733367919922 283.827117919922 283.827117919922 283.827117919922 283.889617919922 283.920867919922 283.920867919922 283.858367919922 283.858367919922 283.608367919922 283.608367919922 283.764617919922 283.358367919922
274.702117919922 274.702117919922 274.702117919922 275.795867919922 275.858367919922 275.858367919922 275.170867919922 275.608367919922 274.639617919922 274.639617919922 272.889617919922 272.889617919922 272.670867919922 272.670867919922 273.452117919922 272.702117919922 273.608367919922 273.608367919922 274.889617919922 276.139617919922 276.139617919922 276.139617919922 277.983367919922 281.358367919922 281.358367919922 282.795867919922 282.795867919922 283.483367919922 283.483367919922 283.577117919922 283.577117919922 283.608367919922 283.608367919922 283.764617919922 283.920867919922 283.920867919922 283.920867919922 284.077117919922 284.170867919922 284.170867919922 284.170867919922 284.170867919922 284.045867919922 284.045867919922 284.233367919922 284.233367919922
274.702117919922 274.702117919922 274.702117919922 275.795867919922 275.858367919922 275.858367919922 275.170867919922 275.608367919922 274.639617919922 274.639617919922 272.889617919922 272.889617919922 272.670867919922 272.670867919922 273.452117919922 272.702117919922 273.608367919922 273.608367919922 274.889617919922 276.139617919922 276.139617919922 276.139617919922 277.983367919922 281.358367919922 281.358367919922 282.795867919922 282.795867919922 283.483367919922 283.483367919922 283.577117919922 283.577117919922 283.608367919922 283.608367919922 283.764617919922 283.920867919922 283.920867919922 283.920867919922 284.077117919922 284.170867919922 284.170867919922 284.170867919922 284.170867919922 284.045867919922 284.045867919922 284.233367919922 284.233367919922
272.264617919922 271.920867919922 271.920867919922 273.889617919922 273.889617919922 273.889617919922 272.920867919922 274.389617919922 275.483367919922 275.483367919922 275.483367919922 275.389617919922 273.108367919922 273.108367919922 272.702117919922 272.264617919922 274.045867919922 274.045867919922 275.420867919922 275.420867919922 275.420867919922 277.389617919922 279.702117919922 281.733367919922 281.733367919922 281.733367919922 282.827117919922 283.420867919922 283.420867919922 283.420867919922 283.608367919922 283.670867919922 283.670867919922 283.827117919922 283.827117919922 284.014617919922 284.014617919922 284.202117919922 284.327117919922 284.327117919922 284.327117919922 284.420867919922 284.389617919922 284.389617919922 284.670867919922 284.670867919922
272.264617919922 271.920867919922 271.920867919922 273.889617919922 273.889617919922 273.889617919922 272.920867919922 274.389617919922 275.483367919922 275.483367919922 275.483367919922 275.389617919922 273.108367919922 273.108367919922 272.702117919922 272.264617919922 274.045867919922 274.045867919922 275.420867919922 275.420867919922 275.420867919922 277.389617919922 279.702117919922 281.733367919922 281.733367919922 281.733367919922 282.827117919922 283.420867919922 283.420867919922 283.420867919922 283.608367919922 283.670867919922 283.670867919922 283.827117919922 283.827117919922 284.014617919922 284.014617919922 284.202117919922 284.327117919922 284.327117919922 284.327117919922 284.420867919922 284.389617919922 284.389617919922 284.670867919922 284.670867919922
273.952117919922 270.889617919922 270.889617919922 271.452117919922 271.452117919922 271.452117919922 271.639617919922 272.952117919922 272.952117919922 272.952117919922 274.889617919922 275.483367919922 268.358367919922 268.358367919922 268.358367919922 271.983367919922 273.889617919922 273.889617919922 273.889617919922 275.233367919922 275.233367919922 277.420867919922 280.452117919922 280.452117919922 280.452117919922 281.858367919922 282.670867919922 283.233367919922 283.233367919922 283.233367919922 283.514617919922 283.702117919922 283.702117919922 283.702117919922 283.952117919922 284.108367919922 284.108367919922 284.295867919922 284.295867919922 284.295867919922 284.452117919922 284.577117919922 284.670867919922 284.670867919922 284.764617919922 284.889617919922
273.952117919922 270.889617919922 270.889617919922 271.452117919922 271.452117919922 271.452117919922 271.639617919922 272.952117919922 272.952117919922 272.952117919922 274.889617919922 275.483367919922 268.358367919922 268.358367919922 268.358367919922 271.983367919922 273.889617919922 273.889617919922 273.889617919922 275.233367919922 275.233367919922 277.420867919922 280.452117919922 280.452117919922 280.452117919922 281.858367919922 282.670867919922 283.233367919922 283.233367919922 283.233367919922 283.514617919922 283.702117919922 283.702117919922 283.702117919922 283.952117919922 284.108367919922 284.108367919922 284.295867919922 284.295867919922 284.295867919922 284.452117919922 284.577117919922 284.670867919922 284.670867919922 284.764617919922 284.889617919922
272.483367919922 273.295867919922 273.295867919922 273.295867919922 273.045867919922 273.045867919922 271.639617919922 272.358367919922 272.327117919922 272.327117919922 273.264617919922 270.233367919922 270.233367919922 270.233367919922 268.514617919922 272.108367919922 273.139617919922 273.139617919922 273.139617919922 274.045867919922 274.045867919922 276.483367919922 276.483367919922 280.858367919922 280.858367919922 281.952117919922 282.608367919922 282.608367919922 282.608367919922 283.139617919922 283.514617919922 283.764617919922 283.764617919922 283.764617919922 284.014617919922 284.170867919922 284.170867919922 284.170867919922 284.327117919922 284.327117919922 284.452117919922 284.608367919922 284.608367919922 284.608367919922 284.764617919922 284.920867919922
266.545867919922 266.545867919922 266.545867919922 273.327117919922 273.045867919922 273.045867919922 272.358367919922 269.452117919922 270.483367919922 270.483367919922 270.420867919922 270.420867919922 268.420867919922 268.420867919922 270.014617919922 272.827117919922 272.827117919922 272.827117919922 273.077117919922 273.733367919922 273.733367919922 274.889617919922 274.889617919922 281.233367919922 281.233367919922 282.170867919922 282.170867919922 282.702117919922 282.702117919922 283.170867919922 283.545867919922 283.545867919922 283.545867919922 283.827117919922 284.045867919922 284.233367919922 284.233367919922 284.233367919922 284.358367919922 284.358367919922 284.483367919922 284.483367919922 284.608367919922 284.608367919922 284.827117919922 284.952117919922
266.545867919922 266.545867919922 266.545867919922 273.327117919922 273.045867919922 273.045867919922 272.358367919922 269.452117919922 270.483367919922 270.483367919922 270.420867919922 270.420867919922 268.420867919922 268.420867919922 270.014617919922 272.827117919922 272.827117919922 272.827117919922 273.077117919922 273.733367919922 273.733367919922 274.889617919922 274.889617919922 281.233367919922 281.233367919922 282.170867919922 282.170867919922 282.702117919922 282.702117919922 283.170867919922 283.545867919922 283.545867919922 283.545867919922 283.827117919922 284.045867919922 284.233367919922 284.233367919922 284.233367919922 284.358367919922 284.358367919922 284.483367919922 284.483367919922 284.608367919922 284.608367919922 284.827117919922 284.952117919922
267.889617919922 265.733367919922 265.733367919922 264.264617919922 269.514617919922 269.514617919922 269.514617919922 269.389617919922 266.827117919922 266.827117919922 271.139617919922 271.139617919922 273.045867919922 273.045867919922 271.858367919922 272.327117919922 273.264617919922 273.264617919922 273.702117919922 273.983367919922 273.983367919922 273.983367919922 274.358367919922 281.608367919922 281.608367919922 282.545867919922 282.545867919922 282.920867919922 282.920867919922 283.295867919922 283.295867919922 283.608367919922 283.608367919922 283.858367919922 284.139617919922 284.139617919922 284.139617919922 284.295867919922 284.420867919922 284.420867919922 284.545867919922 284.545867919922 284.670867919922 284.670867919922 284.920867919922 284.920867919922
267.889617919922 265.733367919922 265.733367919922 264.264617919922 269.514617919922 269.514617919922 269.514617919922 269.389617919922 266.827117919922 266.827117919922 271.139617919922 271.139617919922 273.045867919922 273.045867919922 271.858367919922 272.327117919922 273.264617919922 273.264617919922 273.702117919922 273.983367919922 273.983367919922 273.983367919922 274.358367919922 281.608367919922 281.608367919922 282.545867919922 282.545867919922 282.920867919922 282.920867919922 283.295867919922 283.295867919922 283.608367919922 283.608367919922 283.858367919922 284.139617919922 284.139617919922 284.139617919922 284.295867919922 284.420867919922 284.420867919922 284.545867919922 284.545867919922 284.670867919922 284.670867919922 284.920867919922 284.920867919922
269.952117919922 267.170867919922 267.170867919922 267.420867919922 267.420867919922 267.420867919922 270.233367919922 271.327117919922 270.795867919922 270.795867919922 270.795867919922 268.858367919922 270.608367919922 270.608367919922 270.608367919922 272.514617919922 273.170867919922 273.170867919922 273.545867919922 273.545867919922 273.545867919922 273.827117919922 274.795867919922 275.639617919922 275.639617919922 275.577117919922 282.983367919922 283.233367919922 283.233367919922 283.514617919922 283.514617919922 283.733367919922 283.733367919922 283.952117919922 284.077117919922 284.233367919922 284.233367919922 284.389617919922 284.545867919922 284.545867919922 284.545867919922 284.670867919922 284.795867919922 284.795867919922 285.045867919922 285.045867919922
269.952117919922 267.170867919922 267.170867919922 267.420867919922 267.420867919922 267.420867919922 270.233367919922 271.327117919922 270.795867919922 270.795867919922 270.795867919922 268.858367919922 270.608367919922 270.608367919922 270.608367919922 272.514617919922 273.170867919922 273.170867919922 273.545867919922 273.545867919922 273.545867919922 273.827117919922 274.795867919922 275.639617919922 275.639617919922 275.577117919922 282.983367919922 283.233367919922 283.233367919922 283.514617919922 283.514617919922 283.733367919922 283.733367919922 283.952117919922 284.077117919922 284.233367919922 284.233367919922 284.389617919922 284.545867919922 284.545867919922 284.545867919922 284.670867919922 284.795867919922 284.795867919922 285.045867919922 285.045867919922
270.139617919922 269.608367919922 269.608367919922 269.608367919922 271.452117919922 271.452117919922 272.483367919922 271.170867919922 271.170867919922 271.170867919922 271.327117919922 271.889617919922 272.639617919922 272.639617919922 272.639617919922 272.514617919922 273.577117919922 273.577117919922 273.577117919922 273.545867919922 273.545867919922 273.670867919922 274.764617919922 274.764617919922 274.764617919922 282.733367919922 283.295867919922 283.577117919922 283.577117919922 283.577117919922 283.764617919922 283.920867919922 283.920867919922 284.077117919922 284.264617919922 284.389617919922 284.389617919922 284.514617919922 284.514617919922 284.514617919922 284.670867919922 284.795867919922 284.920867919922 284.920867919922 284.920867919922 285.139617919922
270.139617919922 269.608367919922 269.608367919922 269.608367919922 271.452117919922 271.452117919922 272.483367919922 271.170867919922 271.170867919922 271.170867919922 271.327117919922 271.889617919922 272.639617919922 272.639617919922 272.639617919922 272.514617919922 273.577117919922 273.577117919922 273.577117919922 273.545867919922 273.545867919922 273.670867919922 274.764617919922 274.764617919922 274.764617919922 282.733367919922 283.295867919922 283.577117919922 283.577117919922 283.577117919922 283.764617919922 283.920867919922 283.920867919922 284.077117919922 284.264617919922 284.389617919922 284.389617919922 284.514617919922 284.514617919922 284.514617919922 284.670867919922 284.795867919922 284.920867919922 284.920867919922 284.920867919922 285.139617919922
273.045867919922 273.045867919922 273.045867919922 274.139617919922 274.264617919922 274.264617919922 272.452117919922 272.514617919922 271.827117919922 271.827117919922 271.952117919922 273.202117919922 273.202117919922 273.202117919922 274.889617919922 274.545867919922 273.670867919922 273.670867919922 273.670867919922 273.608367919922 273.608367919922 273.702117919922 273.702117919922 274.920867919922 274.920867919922 282.952117919922 283.483367919922 283.483367919922 283.483367919922 283.795867919922 283.983367919922 284.108367919922 284.108367919922 284.108367919922 284.389617919922 284.514617919922 284.514617919922 284.639617919922 284.639617919922 284.639617919922 284.764617919922 284.889617919922 284.889617919922 284.889617919922 285.045867919922 285.233367919922
273.045867919922 273.045867919922 273.045867919922 274.139617919922 274.264617919922 274.264617919922 272.452117919922 272.514617919922 271.827117919922 271.827117919922 271.952117919922 273.202117919922 273.202117919922 273.202117919922 274.889617919922 274.545867919922 273.670867919922 273.670867919922 273.670867919922 273.608367919922 273.608367919922 273.702117919922 273.702117919922 274.920867919922 274.920867919922 282.952117919922 283.483367919922 283.483367919922 283.483367919922 283.795867919922 283.983367919922 284.108367919922 284.108367919922 284.108367919922 284.389617919922 284.514617919922 284.514617919922 284.639617919922 284.639617919922 284.639617919922 284.764617919922 284.889617919922 284.889617919922 284.889617919922 285.045867919922 285.233367919922
