odir/spf.tas_FR-11_MPI-M-MPI-ESM-LR_historical_r1i1p1_SMHI-RCA4_v1a_3hr_197001010000-197012312100_lonlat_timestep1.ncX1970.01.01.asc
NCOLS 104 
NROWS 77 
XLLCORNER 148661.60618751 
YLLCORNER 5008008.4890662 
CELLSIZE 9000 
NODATA_value -9999 
[rows 0 to 19 of 77, columns 0 to 45 of 104]
275.108367919921989 274.952117919922 274.952117919922 274.920867919922 274.795867919922 274.795867919922 274.795867919922 274.545867919922 274.545867919922 274.545867919922 274.545867919922 274.670867919922 274.608367919922 274.608367919922 274.452117919922 274.452117919922 274.202117919922 274.202117919922 274.920867919922 274.889617919922 274.889617919922 276.170867919922 276.389617919922 276.389617919922 276.389617919922 274.983367919922 274.670867919922 274.670867919922 274.670867919922 273.858367919922 274.170867919922 274.170867919922 274.170867919922 275.264617919922 276.295867919922 275.952117919922 275.952117919922 275.952117919922 274.764617919922 274.764617919922 274.077117919922 274.077117919922 273.233367919922 273.233367919922 273.233367919922 273.233367919922
274.983367919922 275.014617919922 275.014617919922 275.045867919922 274.795867919922 274.795867919922 274.795867919922 274.577117919922 274.545867919922 274.545867919922 274.858367919922 274.983367919922 275.014617919922 275.014617919922 275.014617919922 274.795867919922 274.483367919922 274.483367919922 274.483367919922 274.889617919922 274.889617919922 275.889617919922 275.889617919922 275.795867919922 275.795867919922 274.514617919922 273.983367919922 273.983367919922 273.983367919922 273.827117919922 274.170867919922 274.170867919922 274.170867919922 274.608367919922 275.483367919922 275.483367919922 275.483367919922 275.670867919922 274.858367919922 274.858367919922 274.545867919922 273.702117919922 273.170867919922 273.170867919922 273.077117919922 273.077117919922
274.983367919922 275.014617919922 275.014617919922 275.045867919922 274.795867919922 274.795867919922 274.795867919922 274.577117919922 274.545867919922 274.545867919922 274.858367919922 274.983367919922 275.014617919922 275.014617919922 275.014617919922 274.795867919922 274.483367919922 274.483367919922 274.483367919922 274.889617919922 274.889617919922 275.889617919922 275.889617919922 275.795867919922 275.795867919922 274.514617919922 273.983367919922 273.983367919922 273.983367919922 273.827117919922 274.170867919922 274.170867919922 274.170867919922 274.608367919922 275.483367919922 275.483367919922 275.483367919922 275.670867919922 274.858367919922 274.858367919922 274.545867919922 273.702117919922 273.170867919922 273.170867919922 273.077117919922 273.077117919922
275.077117919922 275.202117919922 275.202117919922 275.014617919922 275.014617919922 275.014617919922 274.952117919922 274.827117919922 274.827117919922 274.827117919922 275.077117919922 275.045867919922 275.045867919922 275.045867919922 274.983367919922 274.858367919922 274.764617919922 274.764617919922 274.764617919922 274.983367919922 274.983367919922 275.452117919922 275.452117919922 275.420867919922 275.420867919922 274.420867919922 274.420867919922 273.670867919922 273.670867919922 274.045867919922 274.045867919922 274.077117919922 274.077117919922 274.077117919922 274.670867919922 274.670867919922 274.670867919922 274.827117919922 274.545867919922 274.545867919922 273.014617919922 273.014617919922 273.077117919922 273.077117919922 273.077117919922 273.233367919922
275.077117919922 275.202117919922 275.202117919922 275.014617919922 275.014617919922 275.014617919922 274.952117919922 274.827117919922 274.827117919922 274.827117919922 275.077117919922 275.045867919922 275.045867919922 275.045867919922 274.983367919922 274.858367919922 274.764617919922 274.764617919922 274.764617919922 274.983367919922 274.983367919922 275.452117919922 275.452117919922 275.420867919922 275.420867919922 274.420867919922 274.420867919922 273.670867919922 273.670867919922 274.045867919922 274.045867919922 274.077117919922 274.077117919922 274.077117919922 274.670867919922 274.670867919922 274.670867919922 274.827117919922 274.545867919922 274.545867919922 273.014617919922 273.014617919922 273.077117919922 273.077117919922 273.077117919922 273.233367919922
275.233367919922 275.295867919922 275.295867919922 275.295867919922 274.858367919922 274.858367919922 275.014617919922 275.014617919922 275.139617919922 275.139617919922 275.077117919922 274.670867919922 274.670867919922 274.670867919922 274.327117919922 274.327117919922 274.327117919922 274.327117919922 274.702117919922 274.514617919922 274.514617919922 274.514617919922 274.670867919922 275.108367919922 275.108367919922 275.108367919922 275.233367919922 274.170867919922 274.170867919922 274.045867919922 274.233367919922 274.045867919922 274.045867919922 273.952117919922 273.952117919922 273.733367919922 273.733367919922 273.264617919922 273.264617919922 273.264617919922 271.452117919922 272.389617919922 272.389617919922 272.389617919922 273.170867919922 273.670867919922
275.233367919922 275.295867919922 275.295867919922 275.295867919922 274.858367919922 274.858367919922 275.014617919922 275.014617919922 275.139617919922 275.139617919922 275.077117919922 274.670867919922 274.670867919922 274.670867919922 274.327117919922 274.327117919922 274.327117919922 274.327117919922 274.702117919922 274.514617919922 274.514617919922 274.514617919922 274.670867919922 275.108367919922 275.108367919922 275.108367919922 275.233367919922 274.170867919922 274.170867919922 274.045867919922 274.233367919922 274.045867919922 274.045867919922 273.952117919922 273.952117919922 273.733367919922 273.733367919922 273.264617919922 273.264617919922 273.264617919922 271.452117919922 272.389617919922 272.389617919922 272.389617919922 273.170867919922 273.670867919922
275.514617919922 275.483367919922 275.483367919922 275.295867919922 275.108367919922 275.108367919922 275.108367919922 275.108367919922 275.202117919922 275.202117919922 275.077117919922 274.764617919922 274.327117919922 274.327117919922 273.858367919922 273.858367919922 273.670867919922 273.670867919922 274.233367919922 274.233367919922 274.233367919922 274.264617919922 274.327117919922 274.639617919922 274.639617919922 274.639617919922 275.139617919922 274.514617919922 274.514617919922 274.514617919922 274.202117919922 273.889617919922 273.889617919922 273.889617919922 273.202117919922 272.514617919922 272.514617919922 271.139617919922 271.139617919922 271.139617919922 270.733367919922 272.170867919922 272.170867919922 272.170867919922 273.608367919922 274.358367919922
275.514617919922 275.483367919922 275.483367919922 275.295867919922 275.108367919922 275.108367919922 275.108367919922 275.108367919922 275.202117919922 275.202117919922 275.077117919922 274.764617919922 274.327117919922 274.327117919922 273.858367919922 273.858367919922 273.670867919922 273.670867919922 274.233367919922 274.233367919922 274.233367919922 274.264617919922 274.327117919922 274.639617919922 274.639617919922 274.639617919922 275.139617919922 274.514617919922 274.514617919922 274.514617919922 274.202117919922 273.889617919922 273.889617919922 273.889617919922 273.202117919922 272.514617919922 272.514617919922 271.139617919922 271.139617919922 271.139617919922 270.733367919922 272.170867919922 272.170867919922 272.170867919922 273.608367919922 274.358367919922
275.483367919922 275.670867919922 275.670867919922 275.733367919922 275.420867919922 275.420867919922 275.420867919922 275.233367919922 274.920867919922 274.920867919922 274.920867919922 274.420867919922 274.139617919922 274.139617919922 274.139617919922 273.795867919922 273.577117919922 273.577117919922 273.889617919922 273.889617919922 273.889617919922 274.420867919922 274.327117919922 274.327117919922 274.327117919922 274.139617919922 274.045867919922 274.045867919922 274.045867919922 274.233367919922 273.170867919922 273.045867919922 273.045867919922 273.045867919922 272.514617919922 271.139617919922 271.139617919922 271.139617919922 270.608367919922 270.608367919922 270.733367919922 270.795867919922 272.420867919922 272.420867919922 273.983367919922 274.358367919922
275.483367919922 275.670867919922 275.670867919922 275.733367919922 275.420867919922 275.420867919922 275.420867919922 275.233367919922 274.920867919922 274.920867919922 274.920867919922 274.420867919922 274.139617919922 274.139617919922 274.139617919922 273.795867919922 273.577117919922 273.577117919922 273.889617919922 273.889617919922 273.889617919922 274.420867919922 274.327117919922 274.327117919922 274.327117919922 274.139617919922 274.045867919922 274.045867919922 274.045867919922 274.233367919922 273.170867919922 273.045867919922 273.045867919922 273.045867919922 272.514617919922 271.139617919922 271.139617919922 271.139617919922 270.608367919922 270.608367919922 270.733367919922 270.795867919922 272.420867919922 272.420867919922 273.983367919922 274.358367919922
276.077117919922 276.077117919922 276.077117919922 275.795867919922 275.795867919922 275.795867919922 275.327117919922 274.764617919922 274.483367919922 274.483367919922 274.483367919922 274.139617919922 274.045867919922 274.045867919922 274.045867919922 274.014617919922 273.983367919922 273.983367919922 273.983367919922 274.233367919922 274.233367919922 274.233367919922 274.233367919922 273.983367919922 273.983367919922 273.483367919922 272.795867919922 272.795867919922 272.795867919922 273.170867919922 272.233367919922 272.233367919922 272.233367919922 271.327117919922 271.045867919922 271.045867919922 271.045867919922 270.608367919922 270.358367919922 270.358367919922 270.795867919922 271.358367919922 273.077117919922 273.077117919922 274.108367919922 274.108367919922
276.077117919922 276.077117919922 276.077117919922 275.795867919922 275.795867919922 275.795867919922 275.327117919922 274.764617919922 274.483367919922 274.483367919922 274.483367919922 274.139617919922 274.045867919922 274.045867919922 274.045867919922 274.014617919922 273.983367919922 273.983367919922 273.983367919922 274.233367919922 274.233367919922 274.233367919922 274.233367919922 273.983367919922 273.983367919922 273.483367919922 272.795867919922 272.795867919922 272.795867919922 273.170867919922 272.233367919922 272.233367919922 272.233367919922 271.327117919922 271.045867919922 271.045867919922 271.045867919922 270.608367919922 270.358367919922 270.358367919922 270.795867919922 271.358367919922 273.077117919922 273.077117919922 274.108367919922 274.108367919922
276.358367919922 276.077117919922 276.077117919922 275.233367919922 275.233367919922 275.233367919922 274.639617919922 274.108367919922 274.108367919922 274.108367919922 274.014617919922 273.920867919922 273.920867919922 273.920867919922 274.077117919922 274.202117919922 274.202117919922 274.202117919922 274.077117919922 274.108367919922 274.108367919922 273.577117919922 273.577117919922 272.983367919922 272.983367919922 272.389617919922 272.389617919922 272.639617919922 272.639617919922 272.483367919922 271.889617919922 270.952117919922 270.952117919922 270.108367919922 268.764617919922 268.764617919922 268.764617919922 269.795867919922 269.952117919922 269.952117919922 269.952117919922 272.077117919922 273.514617919922 273.514617919922 273.514617919922 274.170867919922
276.358367919922 276.077117919922 276.077117919922 275.233367919922 275.233367919922 275.233367919922 274.639617919922 274.108367919922 274.108367919922 274.108367919922 274.014617919922 273.920867919922 273.920867919922 273.920867919922 274.077117919922 274.202117919922 274.202117919922 274.202117919922 274.077117919922 274.108367919922 274.108367919922 273.577117919922 273.577117919922 272.983367919922 272.983367919922 272.389617919922 272.389617919922 272.639617919922 272.639617919922 272.483367919922 271.889617919922 270.952117919922 270.952117919922 270.108367919922 268.764617919922 268.764617919922 268.764617919922 269.795867919922 269.952117919922 269.952117919922 269.952117919922 272.077117919922 273.514617919922 273.514617919922 273.514617919922 274.170867919922
275.764617919922 275.639617919922 275.639617919922 275.170867919922 274.733367919922 274.733367919922 274.608367919922 274.608367919922 274.139617919922 274.139617919922 273.795867919922 275.170867919922 274.452117919922 274.452117919922 274.170867919922 274.233367919922 274.233367919922 274.233367919922 273.952117919922 273.608367919922 273.608367919922 273.139617919922 272.639617919922 270.045867919922 270.045867919922 270.045867919922 271.983367919922 272.264617919922 272.264617919922 271.889617919922 270.952117919922 267.514617919922 267.514617919922 269.952117919922 269.952117919922 267.514617919922 267.514617919922 266.327117919922 266.327117919922 266.327117919922 270.233367919922 272.827117919922 273.764617919922 273.764617919922 273.764617919922 274.014617919922
275.764617919922 275.639617919922 275.639617919922 275.170867919922 274.733367919922 274.733367919922 274.608367919922 274.608367919922 274.139617919922 274.139617919922 273.795867919922 275.170867919922 274.452117919922 274.452117919922 274.170867919922 274.233367919922 274.233367919922 274.233367919922 273.952117919922 273.608367919922 273.608367919922 273.139617919922 272.639617919922 270.045867919922 270.045867919922 270.045867919922 271.983367919922 272.264617919922 272.264617919922 271.889617919922 270.952117919922 267.514617919922 267.514617919922 269.952117919922 269.952117919922 267.514617919922 267.514617919922 266.327117919922 266.327117919922 266.327117919922 270.233367919922 272.827117919922 273.764617919922 273.764617919922 273.764617919922 274.014617919922
275.108367919922 275.108367919922 275.108367919922 275.202117919922 275.170867919922 275.170867919922 275.170867919922 275.389617919922 275.483367919922 275.483367919922 275.170867919922 275.858367919922 275.577117919922 275.577117919922 274.702117919922 274.702117919922 274.202117919922 274.202117919922 273.983367919922 273.983367919922 273.983367919922 273.295867919922 269.452117919922 269.920867919922 269.920867919922 269.920867919922 269.983367919922 270.670867919922 270.670867919922 270.670867919922 271.295867919922 266.202117919922 266.202117919922 266.202117919922 267.170867919922 267.952117919922 267.952117919922 267.920867919922 267.920867919922 267.920867919922 270.858367919922 273.295867919922 273.295867919922 273.295867919922 273.764617919922 273.639617919922
275.577117919922 274.952117919922 274.952117919922 275.452117919922 275.358367919922 275.358367919922 275.358367919922 275.514617919922 275.733367919922 275.733367919922 275.733367919922 275.858367919922 275.483367919922 275.483367919922 275.483367919922 275.233367919922 274.483367919922 274.483367919922 273.920867919922 273.920867919922 273.920867919922 273.202117919922 273.108367919922 273.108367919922 273.108367919922 273.264617919922 273.014617919922 273.014617919922 273.014617919922 272.827117919922 271.295867919922 268.358367919922 268.358367919922 268.358367919922 268.952117919922 268.295867919922 268.295867919922 268.295867919922 268.077117919922 268.077117919922 271.327117919922 272.483367919922 272.483367919922 272.483367919922 273.608367919922 273.639617919922
275.577117919922 274.952117919922 274.952117919922 275.452117919922 275.358367919922 275.358367919922 275.358367919922 275.514617919922 275.733367919922 275.733367919922 275.733367919922 275.858367919922 275.483367919922 275.483367919922 275.483367919922 275.233367919922 274.483367919922 274.483367919922 273.920867919922 273.920867919922 273.920867919922 273.202117919922 273.108367919922 273.108367919922 273.108367919922 273.264617919922 273.014617919922 273.014617919922 273.014617919922 272.827117919922 271.295867919922 268.358367919922 268.358367919922 268.358367919922 268.952117919922 268.295867919922 268.295867919922 268.295867919922 268.077117919922 268.077117919922 271.327117919922 272.483367919922 272.483367919922 272.483367919922 273.608367919922 273.639617919922
