odir/spf.tas_FR-11_MPI-M-MPI-ESM-LR_historical_r1i1p1_SMHI-RCA4_v1a_3hr_197001010000-197012312100_lonlat_timestep1.ncX1970.01.01.asc
NCOLS 104 
NROWS 77 
XLLCORNER 148661.60618751 
YLLCORNER 5008008.4890662 
CELLSIZE 9000 
NODATA_value -9999 
[rows 40 to 59 of 77, columns 46 to 91 of 104]
282.670867919922 282.670867919922 281.858367919922 278.764617919922 276.858367919922 276.858367919922 276.858367919922 277.264617919922 277.264617919922 275.733367919922 274.827117919922 274.827117919922 274.827117919922 274.233367919922 274.514617919922 274.514617919922 274.514617919922 274.827117919922 275.389617919922 279.733367919922 279.733367919922 279.733367919922 279.827117919922 279.827117919922 279.983367919922 279.983367919922 280.202117919922 280.202117919922 280.545867919922 280.889617919922 280.889617919922 280.889617919922 281.452117919922 281.702117919922 282.014617919922 282.014617919922 282.014617919922 282.327117919922 282.577117919922 282.577117919922 282.577117919922 282.733367919922 282.733367919922 282.795867919922 282.795867919922 282.795867919922
283.358367919922 283.358367919922 282.764617919922 281.952117919922 281.952117919922 281.952117919922 280.889617919922 277.264617919922 277.264617919922 278.483367919922 278.483367919922 277.608367919922 277.608367919922 276.577117919922 276.202117919922 276.202117919922 276.202117919922 276.702117919922 277.045867919922 281.202117919922 281.202117919922 281.077117919922 280.920867919922 280.920867919922 280.795867919922 280.795867919922 280.889617919922 280.889617919922 281.045867919922 281.233367919922 281.233367919922 281.233367919922 281.733367919922 281.889617919922 281.889617919922 281.889617919922 282.108367919922 282.358367919922 282.608367919922 282.608367919922 282.608367919922 282.795867919922 282.795867919922 282.889617919922 282.858367919922 282.858367919922
283.358367919922 283.358367919922 282.764617919922 281.952117919922 281.952117919922 281.952117919922 280.889617919922 277.264617919922 277.264617919922 278.483367919922 278.483367919922 277.608367919922 277.608367919922 276.577117919922 276.202117919922 276.202117919922 276.202117919922 276.702117919922 277.045867919922 281.202117919922 281.202117919922 281.077117919922 280.920867919922 280.920867919922 280.795867919922 280.795867919922 280.889617919922 280.889617919922 281.045867919922 281.233367919922 281.233367919922 281.233367919922 281.733367919922 281.889617919922 281.889617919922 281.889617919922 282.108367919922 282.358367919922 282.608367919922 282.608367919922 282.608367919922 282.795867919922 282.795867919922 282.889617919922 282.858367919922 282.858367919922
283.952117919922 283.952117919922 283.514617919922 282.920867919922 282.920867919922 282.920867919922 282.202117919922 281.327117919922 281.327117919922 282.733367919922 282.233367919922 281.858367919922 281.858367919922 277.952117919922 277.952117919922 277.920867919922 277.920867919922 277.702117919922 281.202117919922 282.420867919922 282.420867919922 282.264617919922 282.077117919922 282.077117919922 282.077117919922 281.858367919922 281.702117919922 281.702117919922 281.639617919922 281.639617919922 281.670867919922 281.670867919922 281.733367919922 282.045867919922 282.045867919922 282.045867919922 282.202117919922 282.420867919922 282.670867919922 282.670867919922 282.670867919922 282.827117919922 282.827117919922 282.889617919922 282.889617919922 282.827117919922
283.952117919922 283.952117919922 283.514617919922 282.920867919922 282.920867919922 282.920867919922 282.202117919922 281.327117919922 281.327117919922 282.733367919922 282.233367919922 281.858367919922 281.858367919922 277.952117919922 277.952117919922 277.920867919922 277.920867919922 277.702117919922 281.202117919922 282.420867919922 282.420867919922 282.264617919922 282.077117919922 282.077117919922 282.077117919922 281.858367919922 281.702117919922 281.702117919922 281.639617919922 281.639617919922 281.670867919922 281.670867919922 281.733367919922 282.045867919922 282.045867919922 282.045867919922 282.202117919922 282.420867919922 282.670867919922 282.670867919922 282.670867919922 282.827117919922 282.827117919922 282.889617919922 282.889617919922 282.827117919922
284.514617919922 284.514617919922 284.170867919922 284.170867919922 283.733367919922 283.733367919922 283.233367919922 282.733367919922 282.733367919922 283.545867919922 283.139617919922 282.827117919922 282.827117919922 282.827117919922 282.639617919922 282.545867919922 282.545867919922 282.514617919922 282.514617919922 282.827117919922 282.827117919922 282.827117919922 282.795867919922 282.795867919922 282.795867919922 282.608367919922 282.327117919922 282.327117919922 282.139617919922 282.139617919922 282.045867919922 282.045867919922 282.014617919922 282.295867919922 282.264617919922 282.264617919922 282.327117919922 282.483367919922 282.483367919922 282.483367919922 282.702117919922 282.827117919922 282.827117919922 282.733367919922 282.733367919922 282.577117919922
284.514617919922 284.514617919922 284.170867919922 284.170867919922 283.733367919922 283.733367919922 283.233367919922 282.733367919922 282.733367919922 283.545867919922 283.139617919922 282.827117919922 282.827117919922 282.827117919922 282.639617919922 282.545867919922 282.545867919922 282.514617919922 282.514617919922 282.827117919922 282.827117919922 282.827117919922 282.795867919922 282.795867919922 282.795867919922 282.608367919922 282.327117919922 282.327117919922 282.139617919922 282.139617919922 282.045867919922 282.045867919922 282.014617919922 282.295867919922 282.264617919922 282.264617919922 282.327117919922 282.483367919922 282.483367919922 282.483367919922 282.702117919922 282.827117919922 282.827117919922 282.733367919922 282.733367919922 282.577117919922
284.920867919922 284.920867919922 284.920867919922 284.764617919922 284.420867919922 284.420867919922 283.983367919922 283.983367919922 283.983367919922 284.139617919922 283.639617919922 283.202117919922 283.202117919922 283.202117919922 282.920867919922 282.795867919922 282.795867919922 282.827117919922 282.827117919922 282.889617919922 282.889617919922 282.952117919922 282.952117919922 282.952117919922 282.983367919922 282.952117919922 282.733367919922 282.733367919922 282.733367919922 282.514617919922 282.358367919922 282.358367919922 282.295867919922 282.514617919922 282.420867919922 282.420867919922 282.452117919922 282.452117919922 282.608367919922 282.608367919922 282.733367919922 282.639617919922 282.639617919922 282.639617919922 282.327117919922 282.108367919922
284.920867919922 284.920867919922 284.920867919922 284.764617919922 284.420867919922 284.420867919922 283.983367919922 283.983367919922 283.983367919922 284.139617919922 283.639617919922 283.202117919922 283.202117919922 283.202117919922 282.920867919922 282.795867919922 282.795867919922 282.827117919922 282.827117919922 282.889617919922 282.889617919922 282.952117919922 282.952117919922 282.952117919922 282.983367919922 282.952117919922 282.733367919922 282.733367919922 282.733367919922 282.514617919922 282.358367919922 282.358367919922 282.295867919922 282.514617919922 282.420867919922 282.420867919922 282.452117919922 282.452117919922 282.608367919922 282.608367919922 282.733367919922 282.639617919922 282.639617919922 282.639617919922 282.327117919922 282.108367919922
285.077117919922 285.077117919922 285.077117919922 285.139617919922 284.983367919922 284.983367919922 284.983367919922 284.608367919922 284.608367919922 284.702117919922 284.139617919922 284.139617919922 284.139617919922 283.608367919922 283.202117919922 282.920867919922 282.920867919922 282.920867919922 282.858367919922 282.889617919922 282.889617919922 282.983367919922 282.983367919922 282.983367919922 283.045867919922 283.108367919922 283.108367919922 283.108367919922 283.045867919922 282.827117919922 282.639617919922 282.639617919922 282.639617919922 282.733367919922 282.608367919922 282.608367919922 282.608367919922 282.608367919922 282.702117919922 282.702117919922 282.639617919922 282.170867919922 282.170867919922 282.170867919922 281.608367919922 281.295867919922
284.952117919922 284.952117919922 285.139617919922 285.264617919922 285.295867919922 285.295867919922 285.295867919922 285.139617919922 285.139617919922 285.139617919922 284.639617919922 284.639617919922 284.639617919922 284.077117919922 283.608367919922 283.608367919922 283.608367919922 283.233367919922 283.014617919922 282.952117919922 282.952117919922 283.108367919922 283.045867919922 283.045867919922 283.108367919922 283.202117919922 283.202117919922 283.202117919922 283.264617919922 283.139617919922 282.920867919922 282.920867919922 282.920867919922 282.983367919922 282.795867919922 282.795867919922 282.795867919922 282.764617919922 282.733367919922 282.733367919922 282.389617919922 282.389617919922 282.389617919922 281.577117919922 278.389617919922 276.920867919922
284.952117919922 284.952117919922 285.139617919922 285.264617919922 285.295867919922 285.295867919922 285.295867919922 285.139617919922 285.139617919922 285.139617919922 284.639617919922 284.639617919922 284.639617919922 284.077117919922 283.608367919922 283.608367919922 283.608367919922 283.233367919922 283.014617919922 282.952117919922 282.952117919922 283.108367919922 283.045867919922 283.045867919922 283.108367919922 283.202117919922 283.202117919922 283.202117919922 283.264617919922 283.139617919922 282.920867919922 282.920867919922 282.920867919922 282.983367919922 282.795867919922 282.795867919922 282.795867919922 282.764617919922 282.733367919922 282.733367919922 282.389617919922 282.389617919922 282.389617919922 281.577117919922 278.389617919922 276.920867919922
285.045867919922 285.045867919922 285.170867919922 285.327117919922 285.327117919922 285.327117919922 285.452117919922 285.420867919922 285.420867919922 285.420867919922 285.420867919922 285.014617919922 285.014617919922 284.452117919922 283.952117919922 283.952117919922 283.952117919922 283.577117919922 283.264617919922 283.108367919922 283.108367919922 283.358367919922 283.202117919922 283.202117919922 283.202117919922 283.202117919922 283.295867919922 283.295867919922 283.389617919922 283.358367919922 283.358367919922 283.358367919922 283.202117919922 283.170867919922 282.983367919922 282.983367919922 282.983367919922 282.889617919922 282.702117919922 282.702117919922 282.077117919922 282.077117919922 282.077117919922 279.014617919922 275.577117919922 274.014617919922
285.045867919922 285.045867919922 285.170867919922 285.327117919922 285.327117919922 285.327117919922 285.452117919922 285.420867919922 285.420867919922 285.420867919922 285.420867919922 285.014617919922 285.014617919922 284.452117919922 283.952117919922 283.952117919922 283.952117919922 283.577117919922 283.264617919922 283.108367919922 283.108367919922 283.358367919922 283.202117919922 283.202117919922 283.202117919922 283.202117919922 283.295867919922 283.295867919922 283.389617919922 283.358367919922 283.358367919922 283.358367919922 283.202117919922 283.170867919922 282.983367919922 282.983367919922 282.983367919922 282.889617919922 282.702117919922 282.702117919922 282.077117919922 282.077117919922 282.077117919922 279.014617919922 275.577117919922 274.014617919922
285.170867919922 285.170867919922 285.264617919922 285.389617919922 285.389617919922 285.389617919922 285.514617919922 285.577117919922 285.577117919922 285.670867919922 285.577117919922 285.202117919922 285.202117919922 284.702117919922 284.702117919922 284.233367919922 284.233367919922 283.858367919922 283.577117919922 283.577117919922 283.577117919922 283.608367919922 283.452117919922 283.452117919922 283.389617919922 283.389617919922 283.420867919922 283.420867919922 283.483367919922 283.514617919922 283.514617919922 283.514617919922 283.389617919922 283.327117919922 283.327117919922 283.327117919922 283.139617919922 283.014617919922 282.670867919922 282.670867919922 282.670867919922 281.764617919922 281.764617919922 277.202117919922 273.827117919922 273.827117919922
285.170867919922 285.170867919922 285.264617919922 285.389617919922 285.389617919922 285.389617919922 285.514617919922 285.577117919922 285.577117919922 285.670867919922 285.577117919922 285.202117919922 285.202117919922 284.702117919922 284.702117919922 284.233367919922 284.233367919922 283.858367919922 283.577117919922 283.577117919922 283.577117919922 283.608367919922 283.452117919922 283.452117919922 283.389617919922 283.389617919922 283.420867919922 283.420867919922 283.483367919922 283.514617919922 283.514617919922 283.514617919922 283.389617919922 283.327117919922 283.327117919922 283.327117919922 283.139617919922 283.014617919922 282.670867919922 282.670867919922 282.670867919922 281.764617919922 281.764617919922 277.202117919922 273.827117919922 273.827117919922
285.264617919922 285.264617919922 285.358367919922 285.358367919922 285.483367919922 285.483367919922 285.608367919922 285.670867919922 285.670867919922 285.670867919922 285.670867919922 285.358367919922 285.358367919922 284.889617919922 284.889617919922 284.420867919922 284.420867919922 284.108367919922 284.108367919922 283.858367919922 283.858367919922 283.858367919922 283.670867919922 283.670867919922 283.670867919922 283.577117919922 283.577117919922 283.577117919922 283.608367919922 283.608367919922 283.639617919922 283.639617919922 283.545867919922 283.452117919922 283.452117919922 283.452117919922 283.295867919922 283.139617919922 282.702117919922 282.702117919922 282.702117919922 281.577117919922 281.577117919922 276.639617919922 272.858367919922 272.858367919922
285.264617919922 285.264617919922 285.358367919922 285.358367919922 285.483367919922 285.483367919922 285.608367919922 285.670867919922 285.670867919922 285.670867919922 285.670867919922 285.358367919922 285.358367919922 284.889617919922 284.889617919922 284.420867919922 284.420867919922 284.108367919922 284.108367919922 283.858367919922 283.858367919922 283.858367919922 283.670867919922 283.670867919922 283.670867919922 283.577117919922 283.577117919922 283.577117919922 283.608367919922 283.608367919922 283.639617919922 283.639617919922 283.545867919922 283.452117919922 283.452117919922 283.452117919922 283.295867919922 283.139617919922 282.702117919922 282.702117919922 282.702117919922 281.577117919922 281.577117919922 276.639617919922 272.858367919922 272.858367919922
285.358367919922 285.358367919922 285.358367919922 285.452117919922 285.545867919922 285.545867919922 285.670867919922 285.670867919922 285.670867919922 285.764617919922 285.733367919922 285.420867919922 285.420867919922 285.420867919922 284.983367919922 284.608367919922 284.608367919922 284.327117919922 284.327117919922 284.077117919922 284.077117919922 284.077117919922 283.858367919922 283.858367919922 283.858367919922 283.733367919922 283.702117919922 283.702117919922 283.702117919922 283.733367919922 283.764617919922 283.764617919922 283.670867919922 283.795867919922 283.608367919922 283.608367919922 283.389617919922 283.233367919922 283.233367919922 283.233367919922 282.827117919922 281.577117919922 281.577117919922 276.702117919922 276.702117919922 273.389617919922
285.358367919922 285.358367919922 285.358367919922 285.452117919922 285.545867919922 285.545867919922 285.670867919922 285.670867919922 285.670867919922 285.764617919922 285.733367919922 285.420867919922 285.420867919922 285.420867919922 284.983367919922 284.608367919922 284.608367919922 284.327117919922 284.327117919922 284.077117919922 284.077117919922 284.077117919922 283.858367919922 283.858367919922 283.858367919922 283.733367919922 283.702117919922 283.702117919922 283.702117919922 283.733367919922 283.764617919922 283.764617919922 283.670867919922 283.795867919922 283.608367919922 283.608367919922 283.389617919922 283.233367919922 283.233367919922 283.233367919922 282.827117919922 281.577117919922 281.577117919922 276.702117919922 276.702117919922 273.389617919922
