odir/spf.tas_FR-11_MPI-M-MPI-ESM-LR_historical_r1i1p1_SMHI-RCA4_v1a_3hr_197001010000-197012312100_lonlat_timestep1.ncX1970.01.01.asc
NCOLS 104 
NROWS 77 
XLLCORNER 148661.60618751 
YLLCORNER 5008008.4890662 
CELLSIZE 9000 
NODATA_value -9999 
[rows 0 to 19 of 77, columns 46 to 91 of 104]
273.639617919922 273.639617919922 274.202117919922 274.202117919922 274.420867919922 274.420867919922 274.639617919922 274.514617919922 274.514617919922 274.514617919922 274.577117919922 274.452117919922 274.452117919922 274.452117919922 274.014617919922 272.358367919922 272.358367919922 270.764617919922 258.795867919922 267.420867919922 267.420867919922 265.702117919922 265.702117919922 265.702117919922 265.389617919922 265.452117919922 265.452117919922 265.452117919922 265.452117919922 254.702117919922 254.702117919922 254.702117919922 267.764617919922 265.733367919922 265.733367919922 265.733367919922 269.514617919922 267.483367919922 269.014617919922 269.014617919922 269.014617919922 269.702117919922 269.702117919922 268.452117919922 269.952117919922 268.764617919922
273.545867919922 273.545867919922 273.983367919922 273.983367919922 274.545867919922 274.545867919922 274.327117919922 274.327117919922 274.327117919922 273.639617919922 274.264617919922 274.264617919922 274.264617919922 274.139617919922 273.327117919922 270.764617919922 270.764617919922 269.577117919922 267.858367919922 266.233367919922 266.233367919922 266.233367919922 266.014617919922 266.014617919922 266.170867919922 266.170867919922 267.170867919922 267.170867919922 251.295867919922 266.702117919922 266.702117919922 266.702117919922 269.670867919922 271.295867919922 271.295867919922 271.295867919922 271.420867919922 269.639617919922 269.639617919922 269.639617919922 270.327117919922 270.389617919922 270.389617919922 269.952117919922 270.295867919922 269.514617919922
273.545867919922 273.545867919922 273.983367919922 273.983367919922 274.545867919922 274.545867919922 274.327117919922 274.327117919922 274.327117919922 273.639617919922 274.264617919922 274.264617919922 274.264617919922 274.139617919922 273.327117919922 270.764617919922 270.764617919922 269.577117919922 267.858367919922 266.233367919922 266.233367919922 266.233367919922 266.014617919922 266.014617919922 266.170867919922 266.170867919922 267.170867919922 267.170867919922 251.295867919922 266.702117919922 266.702117919922 266.702117919922 269.670867919922 271.295867919922 271.295867919922 271.295867919922 271.420867919922 269.639617919922 269.639617919922 269.639617919922 270.327117919922 270.389617919922 270.389617919922 269.952117919922 270.295867919922 269.514617919922
273.702117919922 273.702117919922 273.702117919922 274.233367919922 274.264617919922 274.264617919922 274.452117919922 274.452117919922 274.452117919922 273.827117919922 272.452117919922 272.452117919922 272.452117919922 271.514617919922 266.108367919922 266.108367919922 266.108367919922 264.170867919922 267.077117919922 266.264617919922 266.264617919922 266.264617919922 266.608367919922 266.608367919922 266.920867919922 266.920867919922 258.858367919922 258.858367919922 255.264617919922 255.264617919922 268.795867919922 268.795867919922 270.358367919922 270.358367919922 271.045867919922 271.045867919922 270.420867919922 270.702117919922 270.702117919922 270.702117919922 270.452117919922 270.608367919922 270.608367919922 270.608367919922 270.139617919922 269.639617919922
273.702117919922 273.702117919922 273.702117919922 274.233367919922 274.264617919922 274.264617919922 274.452117919922 274.452117919922 274.452117919922 273.827117919922 272.452117919922 272.452117919922 272.452117919922 271.514617919922 266.108367919922 266.108367919922 266.108367919922 264.170867919922 267.077117919922 266.264617919922 266.264617919922 266.264617919922 266.608367919922 266.608367919922 266.920867919922 266.920867919922 258.858367919922 258.858367919922 255.264617919922 255.264617919922 268.795867919922 268.795867919922 270.358367919922 270.358367919922 271.045867919922 271.045867919922 270.420867919922 270.702117919922 270.702117919922 270.702117919922 270.452117919922 270.608367919922 270.608367919922 270.608367919922 270.139617919922 269.639617919922
274.170867919922 274.170867919922 274.170867919922 274.545867919922 273.045867919922 273.045867919922 273.045867919922 274.733367919922 274.733367919922 273.514617919922 273.514617919922 270.920867919922 270.920867919922 269.389617919922 269.170867919922 269.170867919922 269.170867919922 267.639617919922 267.327117919922 267.327117919922 267.327117919922 267.608367919922 266.920867919922 266.920867919922 266.920867919922 253.170867919922 257.045867919922 257.045867919922 265.795867919922 265.795867919922 269.889617919922 269.889617919922 270.170867919922 270.170867919922 270.108367919922 270.108367919922 269.514617919922 269.514617919922 269.483367919922 269.483367919922 269.827117919922 270.077117919922 270.077117919922 270.077117919922 269.733367919922 269.952117919922
274.170867919922 274.170867919922 274.170867919922 274.545867919922 273.045867919922 273.045867919922 273.045867919922 274.733367919922 274.733367919922 273.514617919922 273.514617919922 270.920867919922 270.920867919922 269.389617919922 269.170867919922 269.170867919922 269.170867919922 267.639617919922 267.327117919922 267.327117919922 267.327117919922 267.608367919922 266.920867919922 266.920867919922 266.920867919922 253.170867919922 257.045867919922 257.045867919922 265.795867919922 265.795867919922 269.889617919922 269.889617919922 270.170867919922 270.170867919922 270.108367919922 270.108367919922 269.514617919922 269.514617919922 269.483367919922 269.483367919922 269.827117919922 270.077117919922 270.077117919922 270.077117919922 269.733367919922 269.952117919922
274.358367919922 274.358367919922 274.702117919922 274.233367919922 271.795867919922 271.795867919922 271.795867919922 274.170867919922 274.170867919922 271.452117919922 271.452117919922 269.170867919922 269.170867919922 267.952117919922 267.952117919922 267.920867919922 267.920867919922 267.764617919922 267.764617919922 267.514617919922 267.514617919922 265.952117919922 260.608367919922 260.608367919922 260.608367919922 254.389617919922 258.827117919922 258.827117919922 258.827117919922 269.045867919922 270.139617919922 270.139617919922 269.858367919922 269.858367919922 269.420867919922 269.420867919922 269.202117919922 269.202117919922 269.608367919922 269.608367919922 269.514617919922 269.514617919922 269.514617919922 269.420867919922 269.920867919922 269.920867919922
274.358367919922 274.358367919922 274.702117919922 274.233367919922 271.795867919922 271.795867919922 271.795867919922 274.170867919922 274.170867919922 271.452117919922 271.452117919922 269.170867919922 269.170867919922 267.952117919922 267.952117919922 267.920867919922 267.920867919922 267.764617919922 267.764617919922 267.514617919922 267.514617919922 265.952117919922 260.608367919922 260.608367919922 260.608367919922 254.389617919922 258.827117919922 258.827117919922 258.827117919922 269.045867919922 270.139617919922 270.139617919922 269.858367919922 269.858367919922 269.420867919922 269.420867919922 269.202117919922 269.202117919922 269.608367919922 269.608367919922 269.514617919922 269.514617919922 269.514617919922 269.420867919922 269.920867919922 269.920867919922
274.358367919922 274.358367919922 273.983367919922 272.545867919922 272.545867919922 272.545867919922 271.139617919922 272.202117919922 272.202117919922 272.202117919922 270.514617919922 268.639617919922 268.639617919922 267.045867919922 267.045867919922 267.233367919922 267.233367919922 265.608367919922 265.608367919922 264.827117919922 264.827117919922 265.639617919922 265.639617919922 265.639617919922 265.889617919922 253.702117919922 268.233367919922 268.233367919922 268.233367919922 269.483367919922 269.545867919922 269.545867919922 269.545867919922 269.233367919922 268.764617919922 268.764617919922 268.764617919922 268.670867919922 269.295867919922 269.295867919922 269.452117919922 269.452117919922 269.452117919922 269.639617919922 270.202117919922 270.202117919922
274.358367919922 274.358367919922 273.983367919922 272.545867919922 272.545867919922 272.545867919922 271.139617919922 272.202117919922 272.202117919922 272.202117919922 270.514617919922 268.639617919922 268.639617919922 267.045867919922 267.045867919922 267.233367919922 267.233367919922 265.608367919922 265.608367919922 264.827117919922 264.827117919922 265.639617919922 265.639617919922 265.639617919922 265.889617919922 253.702117919922 268.233367919922 268.233367919922 268.233367919922 269.483367919922 269.545867919922 269.545867919922 269.545867919922 269.233367919922 268.764617919922 268.764617919922 268.764617919922 268.670867919922 269.295867919922 269.295867919922 269.452117919922 269.452117919922 269.452117919922 269.639617919922 270.202117919922 270.202117919922
273.702117919922 273.702117919922 272.264617919922 272.264617919922 270.702117919922 270.702117919922 270.545867919922 270.858367919922 270.858367919922 270.858367919922 269.295867919922 266.733367919922 266.733367919922 266.733367919922 266.639617919922 266.983367919922 266.983367919922 265.014617919922 261.327117919922 264.827117919922 264.827117919922 265.233367919922 265.233367919922 265.233367919922 266.733367919922 257.077117919922 257.077117919922 257.077117919922 268.920867919922 268.983367919922 268.420867919922 268.420867919922 268.420867919922 268.639617919922 269.139617919922 269.139617919922 269.139617919922 269.077117919922 269.077117919922 269.077117919922 269.077117919922 269.389617919922 269.389617919922 269.795867919922 270.952117919922 270.952117919922
273.702117919922 273.702117919922 272.264617919922 272.264617919922 270.702117919922 270.702117919922 270.545867919922 270.858367919922 270.858367919922 270.858367919922 269.295867919922 266.733367919922 266.733367919922 266.733367919922 266.639617919922 266.983367919922 266.983367919922 265.014617919922 261.327117919922 264.827117919922 264.827117919922 265.233367919922 265.233367919922 265.233367919922 266.733367919922 257.077117919922 257.077117919922 257.077117919922 268.920867919922 268.983367919922 268.420867919922 268.420867919922 268.420867919922 268.639617919922 269.139617919922 269.139617919922 269.139617919922 269.077117919922 269.077117919922 269.077117919922 269.077117919922 269.389617919922 269.389617919922 269.795867919922 270.952117919922 270.952117919922
273.764617919922 273.764617919922 270.670867919922 270.670867919922 270.233367919922 270.233367919922 270.233367919922 270.233367919922 270.233367919922 269.389617919922 269.358367919922 266.483367919922 266.483367919922 266.483367919922 264.170867919922 265.014617919922 265.014617919922 265.014617919922 260.827117919922 262.608367919922 262.608367919922 262.608367919922 264.795867919922 264.795867919922 267.014617919922 262.233367919922 262.233367919922 262.233367919922 268.920867919922 268.045867919922 267.170867919922 267.170867919922 267.233367919922 267.733367919922 268.389617919922 268.389617919922 268.389617919922 268.827117919922 269.139617919922 269.139617919922 269.139617919922 269.483367919922 269.483367919922 270.045867919922 270.045867919922 270.733367919922
273.764617919922 273.764617919922 270.670867919922 270.670867919922 270.233367919922 270.233367919922 270.233367919922 270.233367919922 270.233367919922 269.389617919922 269.358367919922 266.483367919922 266.483367919922 266.483367919922 264.170867919922 265.014617919922 265.014617919922 265.014617919922 260.827117919922 262.608367919922 262.608367919922 262.608367919922 264.795867919922 264.795867919922 267.014617919922 262.233367919922 262.233367919922 262.233367919922 268.920867919922 268.045867919922 267.170867919922 267.170867919922 267.233367919922 267.733367919922 268.389617919922 268.389617919922 268.389617919922 268.827117919922 269.139617919922 269.139617919922 269.139617919922 269.483367919922 269.483367919922 270.045867919922 270.045867919922 270.733367919922
273.108367919922 273.108367919922 273.108367919922 271.983367919922 270.358367919922 270.358367919922 269.702117919922 269.702117919922 269.702117919922 268.764617919922 268.795867919922 268.795867919922 268.795867919922 264.920867919922 267.702117919922 267.702117919922 267.702117919922 265.827117919922 266.920867919922 265.139617919922 265.139617919922 265.139617919922 265.483367919922 265.483367919922 267.733367919922 267.733367919922 265.139617919922 265.139617919922 268.170867919922 267.170867919922 266.764617919922 266.764617919922 266.108367919922 266.577117919922 266.577117919922 266.577117919922 267.139617919922 268.202117919922 268.202117919922 268.202117919922 269.577117919922 270.202117919922 270.202117919922 270.764617919922 270.764617919922 272.139617919922
273.108367919922 273.108367919922 273.108367919922 271.983367919922 270.358367919922 270.358367919922 269.702117919922 269.702117919922 269.702117919922 268.764617919922 268.795867919922 268.795867919922 268.795867919922 264.920867919922 267.702117919922 267.702117919922 267.702117919922 265.827117919922 266.920867919922 265.139617919922 265.139617919922 265.139617919922 265.483367919922 265.483367919922 267.733367919922 267.733367919922 265.139617919922 265.139617919922 268.170867919922 267.170867919922 266.764617919922 266.764617919922 266.108367919922 266.577117919922 266.577117919922 266.577117919922 267.139617919922 268.202117919922 268.202117919922 268.202117919922 269.577117919922 270.202117919922 270.202117919922 270.764617919922 270.764617919922 272.139617919922
272.608367919922 272.608367919922 272.608367919922 271.608367919922 270.733367919922 270.733367919922 270.545867919922 269.702117919922 269.702117919922 270.014617919922 270.014617919922 269.577117919922 269.577117919922 267.889617919922 267.295867919922 267.295867919922 267.295867919922 259.827117919922 265.702117919922 265.702117919922 265.702117919922 263.889617919922 265.827117919922 265.827117919922 266.795867919922 266.795867919922 261.170867919922 261.170867919922 268.983367919922 268.983367919922 267.608367919922 267.608367919922 266.577117919922 266.514617919922 266.514617919922 266.514617919922 266.764617919922 269.233367919922 269.233367919922 269.233367919922 268.264617919922 270.077117919922 270.077117919922 270.077117919922 271.858367919922 274.014617919922
273.639617919922 273.639617919922 272.452117919922 271.483367919922 271.483367919922 271.483367919922 270.795867919922 270.514617919922 270.514617919922 271.077117919922 271.077117919922 271.202117919922 271.202117919922 271.295867919922 271.295867919922 268.858367919922 268.858367919922 268.889617919922 255.858367919922 255.858367919922 255.858367919922 265.733367919922 265.670867919922 265.670867919922 265.670867919922 267.295867919922 268.827117919922 268.827117919922 268.608367919922 268.608367919922 261.327117919922 261.327117919922 261.233367919922 261.233367919922 260.889617919922 260.889617919922 261.920867919922 266.077117919922 266.077117919922 266.077117919922 269.983367919922 271.827117919922 271.827117919922 271.827117919922 273.577117919922 279.858367919922
273.639617919922 273.639617919922 272.452117919922 271.483367919922 271.483367919922 271.483367919922 270.795867919922 270.514617919922 270.514617919922 271.077117919922 271.077117919922 271.202117919922 271.202117919922 271.295867919922 271.295867919922 268.858367919922 268.858367919922 268.889617919922 255.858367919922 255.858367919922 255.858367919922 265.733367919922 265.670867919922 265.670867919922 265.670867919922 267.295867919922 268.827117919922 268.827117919922 268.608367919922 268.608367919922 261.327117919922 261.327117919922 261.233367919922 261.233367919922 260.889617919922 260.889617919922 261.920867919922 266.077117919922 266.077117919922 266.077117919922 269.983367919922 271.827117919922 271.827117919922 271.827117919922 273.577117919922 279.858367919922
